1
11410
8533
9473
2058
4159
11085
830
2673
585
6879
1558
7710
6604
4297
214
2979
9139
9256
4993
159
1074
604
3350
11407
1674
8668
906
10894
2324
11815
4034
11685
530
966
2055
10878
72
7478
6045
9023
7525
7495
11423
8570
9009
2180
3701
11573
9933
1591
5028
53
4583
7403
11010
1313
10651
8772
5810
8520
10805
1718
4806
302
1676
6427
6504
1174
5618
401
6823
222
1624
6106
5698
4926
8982
5488
2345
833
5512
9506
9538
2036
10982
4492
6663
10332
8977
1340
10604
4273
1143
10403
378
10070
990
9336
984
11361
7274
7025
5738
3367
5515
6979
7243
11824
5228
653
27
4213
7646
2941
6007
799
1611
2789
5315
901
6997
3926
11502
2780
1895
5504
1606
5416
205
3485
3200
11080
1560
5386
3324
662
1299
11272
7254
8621
9392
7102
618
57
10145
8127
1597
10218
11547
6019
4956
10015
7104
2040
1800
4302
366
6781
8100
32
10925
11192
611
7661
9559
2685
9093
11687
10028
8021
5287
11475
1799
3946
4266
10934
9983
5778
1951
3415
6467
7984
7402
6616
10
4833
10275
10733
10093
1235
10176
10123
1692
7763
6123
6541
199
3637
2139
4545
8264
8881
2377
2711
11172
5014
6300
5057
8656
4852
2617
803
649
739
7901
5905
1335
9415
8425
9312
1060
8920
2606
8820
7069
988
4500
4202
4156
1455
4860
10169
1737
4195
5119
9488
10841
4433
62
4550
6023
680
6693
5184
5872
6099
6577
5503
8677
10693
4269
1470
1749
1334
8544
10315
380
2506
1324
2928
8182
3153
6231
9695
3766
5754
4969
2998
8240
8936
178
690
344
11238
5924
9569
7245
3704
9697
10579
7892
3493
3396
7393
1046
7886
2804
541
7365
7016
6050
4360
3089
9222
1937
11822
1329
5373
5379
2977
9448
8301
4608
8563
3709
7643
4787
8897
4989
7623
7230
8263
5976
11532
10977
6986
8688
11753
5623
3463
6167
1979
1567
2126
7598
10318
3307
5470
10181
209
6698
6406
4604
265
10622
2376
6970
786
11514
11541
6446
3645
9075
6444
9627
5340
10424
686
10824
3293
9443
5892
5374
5440
2023
5076
1357
3812
4167
8307
7459
8643
8514
7054
7302
3620
6470
7449
2745
4643
10922
4940
6640
4816
8464
11143
11401
6062
6685
4304
5847
11440
5574
5203
253
10056
3150
10573
8322
9279
4533
7632
2083
7021
5120
1422
2333
11735
3858
8482
5487
54
6465
926
7663
8672
3042
11834
11693
1167
9133
7199
1609
5128
10104
4549
8397
7431
1666
10076
3810
8049
5638
705
1576
9088
3696
2610
10292
527
7265
2535
10615
4357
5317
3684
5282
2069
8598
3930
6116
7410
10256
2844
9059
5651
9700
6492
538
8521
9723
5900
2689
9231
2328
7970
647
8686
8937
11147
338
2229
5517
3282
1551
4197
1145
6483
3656
2489
9877
4674
9364
6237
7866
10152
7737
6775
7177
10857
8400
11680
5571
9077
5323
6984
630
2297
4744
8562
8015
11059
7038
5295
4086
7492
3289
1894
8331
7685
3572
879
766
778
323
9522
7871
10438
322
8511
7579
9258
10978
2431
2135
1489
6194
2266
8134
5614
3961
7502
9710
8290
4008
8690
2012
7301
7957
2007
5217
9500
10477
8114
3076
8361
7588
4916
1253
3859
3328
7906
6152
9264
3816
4216
4010
3058
8889
11594
6642
11843
1404
11551
9524
11731
6332
11728
1559
3000
776
888
7756
8483
7326
8998
11093
4864
3790
4238
4813
9318
8995
9941
2062
4782
11058
6405
8075
8136
2618
2437
11439
1375
11181
10062
3255
270
9384
7283
9166
2521
678
4185
4047
6488
3254
4635
8906
1726
10359
475
5176
679
3078
1640
2501
3747
802
1963
11662
5686
7399
6866
7191
843
11265
11637
8148
10760
6875
1501
11180
771
867
1769
5263
9897
11797
11455
4179
2586
5280
7911
6607
5475
5853
11350
1342
3978
4596
8589
43
4948
10491
10574
10998
4257
122
2111
7320
3565
706
5252
7405
8205
8118
2002
5258
9860
9884
6102
4158
2358
3003
9590
2754
5912
7515
10717
8041
3917
3173
9098
10117
3268
8573
106
271
8972
3762
5792
3418
6104
10355
4614
5693
2641
6070
11577
7255
3267
8792
4108
1537
132
2309
7711
4961
9811
9825
6413
3748
5692
10270
11139
4905
699
10831
4054
10100
7571
1671
7252
3797
6075
143
2624
10773
1212
10775
1411
5307
8155
363
1223
9947
6742
11403
2896
6161
3115
11209
1642
3053
3170
11767
8581
8882
3723
7567
4260
9690
758
9114
1678
810
10999
10794
5218
3072
5313
2466
5236
7921
3677
5158
1793
149
6573
11576
8218
9652
619
3865
1316
8796
2671
4051
509
11436
964
5850
8662
4520
4203
3260
3269
7032
7489
354
9749
3386
403
11521
6185
11318
351
3628
5476
510
8605
2274
10932
2145
8958
1632
8739
7391
6867
6210
7902
1101
3989
909
11266
1195
8921
8702
8814
3184
1328
11131
1204
6223
1914
7722
9866
7742
8387
3733
5757
11642
3414
2904
718
10516
6269
1086
8714
2581
4511
7930
2840
8525
8496
79
5097
7793
4620
10954
9640
3470
2797
162
312
1118
10960
1581
5058
10484
11543
1461
5279
852
3890
9602
4410
507
7640
10935
849
6878
11645
2857
1140
968
7908
10273
9752
4731
5894
5592
2187
2219
7028
1883
3536
8287
11481
828
494
9810
2207
7388
2053
972
8428
11151
6258
5103
10478
10555
9483
1808
7776
8679
612
587
6724
8412
5096
3387
2349
6505
4389
2902
10844
11479
11137
2294
9707
1797
5130
5751
5650
5918
7411
4396
9799
11054
4818
1048
10695
1462
3124
11374
288
31
1070
1600
3631
11218
8965
6512
781
814
11617
8111
3114
7741
8707
5775
4001
4136
3538
2144
11580
2799
3854
7412
4754
8648
2589
8715
11106
1711
7346
5022
2211
5762
10886
5532
1838
9168
3648
373
4701
3263
10430
6268
4163
7098
267
7404
3483
2383
48
10339
8697
1901
8925
8979
9639
1754
11602
6039
8836
8569
2816
8749
3595
8025
2273
2722
4358
3568
11558
2954
2228
9792
9673
5367
4076
6678
10047
9623
6943
621
3720
4663
9420
1043
2289
4918
6954
262
1027
6806
11745
7194
11044
11600
9567
7220
487
5765
6169
2652
4977
8101
5796
4060
2159
5145
6910
7471
1765
2362
4418
3639
9889
10525
4207
1596
9735
3377
7216
9404
6972
8304
2686
111
10433
11359
11015
6253
7887
6567
2158
3607
1539
9505
3826
1330
9529
8695
7523
11292
8204
9234
3446
9928
1493
3750
5267
7574
1541
7126
1781
4660
8919
7665
9138
10290
9956
6057
11051
8768
10321
6885
10893
10820
5942
11511
3662
7242
7673
280
8956
1295
723
11285
9380
2425
8652
9227
627
5256
3581
7499
2034
2150
10468
10880
4367
10078
10494
10728
7841
7691
11774
5680
1569
5893
8430
2318
7878
1171
7642
3653
5581
8492
3535
8611
11349
4788
7362
8829
7321
2367
5930
443
8545
9123
10967
1291
2216
7966
11711
1323
11373
10001
10680
11684
6951
2142
979
1403
1040
7980
4900
4743
1105
6313
6387
8409
275
10158
8048
8259
4044
3886
8140
6651
499
4287
5572
4650
9049
8192
3197
11224
10522
5195
5763
10918
10992
6397
2091
5443
420
5562
11623
9631
2056
1182
3106
6854
3503
5033
6259
3981
2469
2987
11487
7583
3449
10073
6637
7668
5721
1644
2553
10346
10146
8382
586
1151
5791
4267
7967
8675
5786
4334
7811
9973
4953
10638
3840
11545
795
10166
8719
4241
8384
6069
6765
5245
6250
1008
4983
4114
1100
3665
10759
217
1502
11473
2527
1336
1163
10547
1050
2541
10645
2742
5747
11091
9489
2637
8421
2033
432
610
533
5008
1120
2680
9870
7849
11426
9232
3764
7826
9982
599
8989
6874
1072
11388
3796
7999
2235
2993
10215
8860
6278
6761
4102
5768
10577
8745
9414
3980
5289
8853
7334
10937
3429
6679
1950
5868
8277
8016
7043
337
2946
3401
769
7039
7236
2198
2239
488
2675
9580
8485
9296
3360
4667
2420
7669
3031
10868
7140
10294
10025
10136
5996
10379
3753
4024
1785
9393
7076
177
5034
9250
6407
10871
3436
4752
10409
7820
1412
6861
8353
5356
4642
3679
2030
9572
9795
2965
11792
4817
1675
400
4645
8188
5851
10987
1633
8123
3922
7548
3914
10537
4591
1358
9781
301
9030
4452
9514
813
1400
6800
2755
8797
10353
1929
9936
2827
4506
3034
6288
346
2332
5404
9081
9116
10161
2025
6953
4380
1879
7044
5226
171
3765
6814
6837
252
1828
6087
3817
8476
6455
127
4689
3037
7784
3795
9072
4732
7799
6525
2406
5928
9358
1467
11632
7113
6004
7018
697
5052
8811
2629
11823
11212
542
5694
6257
5353
5725
3287
5177
3319
6153
10650
4449
7613
406
3286
10309
3163
4249
2513
9297
5278
780
10768
9745
10923
2267
1621
10316
7480
5636
8879
5224
11575
7556
10053
1082
4199
87
9052
4085
7945
8413
8368
5456
8635
9746
161
6633
4112
2974
3985
8386
9188
5906
9006
9596
2221
5411
163
11663
2891
6534
284
8847
7458
9096
6876
6882
3207
6888
7150
9654
1843
2592
7638
8098
5474
8090
7056
6911
4676
10779
9284
10562
5808
8147
6364
6734
1269
7224
11081
49
11100
11422
4262
9130
7033
11486
11578
3428
7469
2310
6032
1708
5967
3275
471
4963
1487
4014
4061
7158
6359
3167
7341
5992
7815
11066
4015
10495
7705
2795
10700
8032
7085
2939
5037
7618
11009
7947
10852
7325
6429
6587
1150
5908
102
10337
11727
5253
9041
5970
10021
635
7421
1126
7373
987
9288
9804
1552
4289
1307
9141
8557
6179
10584
10528
3425
9411
6747
5207
6990
368
11419
5095
4966
1553
5189
8976
5862
743
6627
1659
11170
8712
10755
3404
10669
7998
9854
5485
5951
9653
11618
3579
11793
3067
11348
6474
3740
5016
1486
8837
5685
11271
10640
4931
2634
5714
1505
9737
6788
9511
8362
5856
2399
8272
7600
2852
4291
5514
4361
10054
431
2419
1471
2413
2698
5426
1724
2803
6233
8037
9768
646
9734
11084
7332
7368
7357
11454
683
10470
5516
2784
9491
318
8010
9794
7100
3953
9176
5310
9867
8551
6831
1557
10865
3752
5766
7300
7925
623
2407
6119
7897
3715
9283
10324
10557
1897
2863
1531
7111
4421
4939
9528
3633
2250
10171
5118
5183
2026
3431
3509
7974
6989
578
5221
10607
4594
5596
9659
7738
3145
7122
11678
11845
5458
5612
5299
10088
1001
8135
2981
2311
340
820
9408
7318
4459
11126
4042
885
4748
5466
8671
8153
11
6818
9598
6968
10442
7089
4009
7314
9492
3768
3539
4274
5817
963
11245
9246
7785
10777
4401
3131
4147
3617
9685
2790
3249
9440
1973
8607
9608
7938
1696
6411
228
6198
5242
2739
2316
508
5248
4675
11782
3252
999
8988
8486
1508
10828
3246
11276
708
10313
8780
158
3357
2877
5112
3803
8524
8375
7006
7086
7717
10040
9447
5227
4552
10092
9782
2220
4366
980
5478
1294
11415
8376
9421
379
1787
272
1873
10596
1035
10214
761
8366
5196
8610
9309
8705
3174
9042
4070
4733
6609
5507
7560
5111
4385
8987
9917
3420
6579
9110
733
798
6038
114
861
8237
3362
1613
8531
10461
1657
1268
10660
3526
6889
1288
8773
3725
78
1427
7528
666
1224
543
4265
7896
5051
398
8349
11183
10523
4773
10429
8454
11366
3605
8499
3438
5863
8370
10213
1405
7516
6790
8868
7155
3533
6180
9480
117
4896
8221
9409
8743
6966
6358
6322
2262
8718
9632
6929
8017
3931
5710
3087
11402
5932
593
170
6707
5384
5730
11608
2244
3680
953
4672
7432
10129
8044
11014
1833
3783
11817
7161
5871
7986
8311
2656
3929
2676
5359
11042
2956
3745
11598
4065
11293
8888
18
1890
3316
9463
11190
4409
9997
7702
10712
4300
7207
11716
11244
3326
9076
10305
1835
10986
9062
4825
2522
549
3236
1627
3437
6303
4342
4628
6137
4444
10983
11574
516
4196
6905
11650
2505
11704
3130
8640
11087
2943
9649
5990
5020
8320
7962
8467
8177
4046
1251
5142
5308
7468
5460
11524
765
11127
10826
4132
5408
865
6346
2280
316
3864
2047
7864
6828
1944
5094
2398
2666
6369
7082
6306
8509
7198
4901
4563
8815
4881
5723
7603
8112
3625
881
7916
11268
4968
4576
9770
7609
2598
3452
2525
8898
3019
550
2761
9033
4144
5365
4343
5854
698
10636
5420
6509
6771
6560
1068
5588
5330
576
4448
5493
5274
2461
5463
12
6551
11652
1536
5127
6162
7884
5060
7055
3710
7496
10004
1882
10293
1932
9151
4686
3009
1343
670
894
11802
6584
7870
749
5589
9921
2707
6234
3343
3842
526
6934
9587
1374
9426
2359
3022
1339
6481
2778
10668
5994
9885
1346
7670
7275
3520
2919
4924
11484
9771
3278
8647
10658
5818
4161
4259
2343
245
219
944
1770
9906
9172
10335
10405
2599
1990
8253
3234
11831
8969
306
8456
5070
6331
7046
2756
4902
7228
3371
7146
2923
4482
719
6975
5944
2746
7427
10175
4062
1217
6762
7595
4138
5931
672
9446
6094
4242
11540
8779
7374
8335
1198
7534
9688
6594
6187
11156
912
2545
5913
131
4306
10502
7170
6805
1580
1385
995
7538
6109
6479
2247
11769
1902
11846
5955
10734
8024
6117
2832
11456
7221
11315
6238
7783
7533
809
581
5565
9765
3018
10643
11118
3294
1247
7941
404
10583
6884
3618
1918
4802
1697
5192
1116
9339
4598
921
10530
2895
2088
2434
5582
7017
2166
257
8870
4847
11386
10057
3265
1743
273
6645
1889
2307
3460
3848
1238
6857
1615
8407
5276
347
6532
5827
4416
1103
3957
10034
7473
2277
6086
1886
7344
419
11287
2517
7972
962
427
8348
5969
5648
11378
5874
5645
722
8518
6721
7452
4206
8234
5917
480
6347
3624
362
5491
5155
4632
2694
4344
2622
1923
3755
498
5586
11622
8553
3176
8315
6440
7552
8184
4673
6918
10188
2063
4705
3160
7263
2336
8233
7696
2479
6998
8946
7824
2544
6680
907
6354
7732
5243
3546
9046
11141
5133
5043
5956
935
2726
10024
9386
10746
5739
11565
5164
11705
4322
11097
3389
5200
1573
2306
1137
7114
1168
6147
3786
8802
3939
5815
5607
5494
5296
7987
7605
2550
2614
9147
6652
8344
10467
9778
8961
7323
7292
872
5391
11431
9894
6787
4068
11301
5676
1426
10823
3641
2270
6432
2165
2064
2496
7585
2913
1592
11108
11722
7482
10229
9347
4454
5151
3451
6282
9061
3453
3277
11605
4155
1104
2155
8077
6819
3894
1032
3744
3763
7406
8601
2660
3999
9882
2564
5527
7544
9767
99
2478
6252
9097
9821
11531
8978
8087
8303
5979
4400
1025
4350
5363
3066
2785
7031
9107
11247
10959
4803
155
4702
1131
3152
3923
2422
938
4690
8651
3955
978
8886
6675
853
1042
4171
1574
3927
10795
2110
7503
10594
2275
651
8724
10737
5202
5654
1701
9104
4530
8045
7019
784
9775
7527
9112
9454
4572
1680
6287
9025
2502
5733
3052
6847
6751
989
8903
1896
10738
7517
4146
1309
748
9485
1996
56
9254
11582
8461
9558
1658
7091
10970
11328
11372
3073
2241
7369
2640
5971
10811
517
10927
6121
4564
8423
11603
3947
1588
10037
5204
92
3225
10298
3876
785
361
2044
8327
7561
6323
6370
1327
6164
10352
5483
7637
806
4298
7593
797
9008
9324
11604
3499
3108
8120
7061
418
8584
8036
218
238
5075
6001
2631
8512
11116
817
1468
562
643
1176
777
6692
1302
2854
8440
2768
5587
1280
484
4898
9429
11616
3081
9432
7094
7992
8683
8260
1347
8225
10784
9844
11283
8408
5213
8506
5152
4145
8924
10262
1275
11821
11818
309
10050
2771
7977
3770
4164
104
9832
7280
5783
2475
4210
4033
9577
7940
2674
6661
4713
6319
4669
4317
3068
8701
391
8487
10558
11246
5821
10377
2769
10514
5247
4798
6485
11529
4284
9677
1698
141
3237
640
5784
8276
6034
2690
489
4419
2758
3541
482
9547
11568
9388
5966
8355
1989
1257
5583
6748
274
11083
8018
2540
10833
2730
11037
5570
3772
135
11820
11219
548
2989
6487
8592
10988
8994
10110
8092
2883
3837
2107
5957
10926
1538
1368
11194
6120
11029
11438
1228
9942
3094
8439
6521
10854
10452
4268
1961
11233
10902
7858
11718
11765
3519
1062
4394
2087
483
8757
6947
8286
8156
6706
1102
3791
11689
8267
11457
1466
7863
1164
3035
10119
10334
8359
10796
5241
11723
8778
5406
5720
2504
1456
11750
6716
8541
6981
5481
4294
1005
4372
11785
11324
6314
3940
7441
2178
4403
3971
3977
4089
3070
6531
4328
7830
8241
2471
1980
2190
5255
64
11298
11690
5545
11754
660
9760
6209
8917
8294
3934
5068
10067
3297
3127
5523
5422
2004
6739
3117
2013
2951
8102
779
788
7531
3944
2099
2623
7852
10219
2829
7816
858
6064
11839
6010
1602
7990
8599
2842
11706
9551
9266
1281
6948
3315
4224
7209
762
456
11034
2146
10480
4811
9647
148
4363
3551
6696
11833
7979
3458
5141
2409
2811
1196
4950
654
5573
204
1270
5147
3030
753
433
251
5658
11666
8928
7093
6922
9381
2428
10780
2393
10572
1310
10094
9899
11178
7767
232
10232
10776
5982
7407
10385
10542
3948
2898
11158
10142
3472
9352
3258
7520
8916
3904
1715
5774
11089
1995
10630
1775
10605
11142
8850
9334
7319
4784
8915
4518
2715
8441
6574
11169
2930
3021
3032
9739
11249
8199
8030
8941
9433
3043
596
2926
5293
7157
105
4728
8532
8299
11807
2452
808
5009
3808
2890
10038
8068
3849
5785
3475
5153
5789
10096
3498
7433
8026
2705
2982
7639
5973
726
9638
2774
5398
2595
5116
3492
11226
831
11544
2978
1691
6736
9332
1003
9709
3756
9019
9028
6220
5528
9655
8955
10083
6294
10114
5807
10930
7135
10150
7223
2161
4551
6242
153
3891
2005
5017
10620
9450
2500
7960
7147
2497
96
8858
1121
3896
11791
2326
7248
11217
11417
1899
8163
7703
9360
6550
184
5898
1907
2341
7788
6503
794
5179
1842
11040
10589
6402
8721
3351
518
3215
4117
10137
561
2243
10457
181
8552
11199
10541
8357
8949
2611
1554
10911
329
1345
2794
687
4463
3518
11550
4349
4908
11036
6265
5385
5412
10445
10793
4011
10105
2744
9173
1311
5660
6842
2907
7078
10463
9678
1099
9629
5709
3335
10446
11566
2423
4345
154
2141
10582
11340
9442
8280
10351
2100
9851
1683
563
8985
11336
6845
10971
1526
292
10386
9674
11225
1262
200
9814
10709
6390
5520
7339
5324
8373
4991
9521
3045
1529
4332
9900
7311
8252
9879
3600
8678
8435
8833
9531
986
7920
9679
10084
495
2287
4192
10507
5525
8725
10003
9007
7487
8324
1305
2386
4891
8667
3455
7210
8800
7152
4655
5223
5309
2210
3466
3716
1109
7501
6589
2561
8223
6305
8190
9082
1991
1207
2653
11055
4507
2052
10964
5759
10774
1415
7192
1469
594
6772
7270
10699
4758
223
174
1594
4486
3417
615
11814
11461
8330
4578
2602
8298
2936
9597
3232
5688
10184
365
8676
10906
9323
1435
4469
8770
9809
6310
3327
3623
3395
250
7750
1002
9535
1848
1599
8065
903
8282
4215
3356
4037
9852
3667
4912
8230
9427
8064
6192
52
2893
4626
5465
3882
11184
128
9496
3276
5264
9868
10995
4528
10274
7889
1097
3245
6399
1157
235
5716
6789
8952
6666
3582
8808
407
2168
8226
2401
6381
4188
5580
9327
7153
2871
8864
2874
11579
3405
10756
10014
850
5167
9179
6558
7386
6373
9109
10134
9494
455
1962
1030
2255
8634
10144
4336
5497
539
8183
2878
3284
1625
1595
7305
8088
7904
7905
7175
5180
1911
10884
975
9257
4095
1561
5045
4142
4933
5326
9095
2856
10830
3397
6883
3445
922
2916
2283
7868
5453
11047
7612
3039
474
9914
7680
1414
4480
11385
9722
9607
94
2081
3901
3844
5551
8680
8313
1571
4143
9325
1869
6394
2347
6079
1747
3013
5933
8781
4406
6273
10331
6795
243
10345
7414
8622
11644
1055
6088
9217
9337
7686
1780
7434
7701
6590
9359
11255
3972
2268
1623
355
10832
3828
11073
9530
466
3933
1200
1752
801
10595
825
11734
1370
521
6677
7627
8602
5595
3154
2335
2786
83
2658
4934
2980
9014
977
4461
6341
11669
9815
3084
5059
2125
3017
9998
8339
2380
3227
6329
6569
4883
10055
5066
7180
9353
6005
2507
374
816
5419
1159
10714
8157
951
4562
5655
1905
60
8390
5270
2271
11445
6513
1798
6599
7895
4716
9898
8830
46
5393
5025
2975
5829
2226
7608
7144
11482
9621
10401
11174
195
7218
10153
7602
11203
11586
6096
4443
7053
11522
6092
3341
4696
5914
2847
2728
8051
6262
9908
7289
2454
4568
5518
9211
5389
2084
2045
10231
11847
7684
4250
3283
7250
5214
5489
6522
10139
7971
6647
7123
6028
2662
4356
2737
7281
5397
4865
1733
10587
793
8401
504
2821
496
8786
6052
5357
6150
9128
4040
1053
335
9495
1107
6377
6175
8497
641
8232
3320
8171
3134
5257
7805
10897
583
9817
3879
729
7909
2781
6157
7124
4750
9880
4048
9549
1522
2397
2486
2961
259
2703
36
4288
5348
1768
5215
838
11507
5540
8193
8285
7364
595
3210
7545
8429
6156
11166
7187
1246
2817
3354
7202
1424
3231
6674
8207
5841
6337
1794
9390
4338
9774
1614
11409
6542
4375
7383
7981
10307
3347
2753
2683
3963
2718
871
4392
5209
8931
7428
11017
5824
7138
8832
2350
6618
9836
5354
8093
10682
3699
4139
6860
6759
10703
2720
6324
11654
11725
9859
8555
2103
6014
1791
1921
9822
10631
8142
5812
6188
9472
2338
7951
2524
8866
173
11231
10440
1438
1191
6330
11505
6713
7457
5740
4227
2600
5090
7948
4166
10859
11548
5336
9664
4718
5469
4949
330
7787
5671
2818
1444
3839
3274
3230
3391
9604
2523
3248
2999
11737
959
1079
9796
10222
303
5170
5436
11056
4335
2238
11756
9533
8666
8009
2470
1344
10500
9873
3698
6843
2642
6141
11232
11128
11278
9003
6797
639
4484
10919
9543
7205
11331
1645
10147
7774
11030
9048
3044
1460
2371
7804
6630
4020
10395
10020
1117
8758
9829
5429
2390
3381
2942
10272
9120
4320
657
6270
7456
3642
2108
2171
4741
4282
283
2078
9134
8664
1773
10432
2604
8389
9310
10008
2177
5013
10575
7635
7379
862
5319
1954
10973
324
7139
3308
6906
7629
3473
7246
7631
4525
8874
3116
10340
5424
3852
4827
5428
8394
7519
7542
9960
95
1702
754
7581
6863
4828
3063
7189
5603
7307
11195
1090
3314
381
622
11343
8580
954
750
5555
6932
2252
5883
7803
7376
10240
5632
7564
5452
11277
1419
10308
1369
9684
247
61
1822
10237
4793
4634
4279
5210
5471
1706
9625
1366
6887
3697
1957
308
4019
11031
6603
6650
2732
933
11357
11003
11462
7005
10697
1052
7460
7828
8843
1379
10264
9706
1283
10364
9731
11364
11012
547
631
11491
5670
7253
9730
5235
6926
9826
7937
9586
7806
7994
6415
3368
11228
10599
2048
3700
11435
3615
8801
6983
10163
663
5891
10503
10046
3531
10159
5113
6643
5858
10613
3038
277
10266
7766
10706
2246
2572
2855
7814
10035
2499
5756
6449
3525
6408
1589
7698
7614
10207
10206
3647
9651
1314
7934
4641
2192
553
5338
7822
1092
4347
3273
4204
2113
1333
8445
11519
1803
3026
5794
10602
5290
3571
8845
6279
1565
791
9788
11528
4093
11441
8070
6681
3903
9512
441
8633
10769
3266
8970
4721
8350
8054
5793
2649
11658
5023
5232
5109
8750
9699
5048
10801
6083
11739
7535
4537
8328
6021
4668
6565
3119
1401
4982
6166
4056
2796
2710
8325
1840
6344
5343
6585
8066
1219
4899
790
2573
6935
6606
6466
7026
7764
5943
8035
4411
11104
5260
6126
7462
11162
2824
10632
4884
1445
3705
10178
7413
4824
2483
1764
7850
11758
4252
6893
6672
1433
985
10506
7944
6686
8777
9976
584
3092
7777
3199
3592
8907
4352
1653
11167
742
3638
759
3976
10683
2770
5635
1694
4243
103
8887
9726
9497
7136
6498
9160
11504
10082
4508
10234
4123
8962
6412
2682
2736
11553
8189
11591
3138
10075
11330
5846
6205
650
6061
2990
11223
7880
10519
11048
2814
10628
2256
2875
1928
3261
8466
2085
8751
3126
4735
6033
2529
9479
3435
6610
1049
7343
1953
9228
5722
10646
10742
1285
10077
6386
7262
2596
9363
1999
2836
7360
7831
11320
2588
1556
9385
5745
9001
7730
632
4063
7042
9239
9819
1013
294
8929
4270
5495
8760
5010
4299
189
10447
1930
2334
5600
947
9863
59
1214
10764
390
30
919
4453
10749
11848
3012
10381
2364
10080
2903
9124
7752
10498
463
9646
4113
10372
2094
1239
4417
2825
10454
11676
5079
10666
6218
9085
4965
4489
10212
4039
2766
5
2450
10957
7260
7284
118
6554
6051
4115
2129
11743
3334
11832
7073
6456
10912
7964
9801
2630
2704
5332
1864
304
1293
11701
6307
7425
4831
5054
3966
11826
7510
4107
5123
10510
8161
9263
5842
8208
6003
7003
10220
5298
10013
9985
11279
1057
3622
9813
3654
8116
2248
119
7130
10328
3256
2776
4996
477
9599
9769
10691
4882
291
5303
10251
3041
2059
10343
5909
8542
5652
6629
10704
8752
9177
6690
4954
1686
10431
5837
124
10914
2822
6612
3196
6697
4030
10990
10527
7387
5980
8364
1425
11136
3601
11049
4585
7106
9377
752
920
7819
4220
7178
4374
2115
823
4006
2668
2700
2008
10808
2552
4688
5769
4440
4801
5239
5628
2709
6749
9143
2361
11459
3830
1731
1202
10993
7790
75
6204
210
211
7550
10950
7380
10762
6410
11074
8693
8513
9002
9295
10556
11094
4671
1431
8122
7936
8526
1410
6708
7062
5455
11294
10606
6148
2731
1393
5755
1958
7063
10392
1682
11123
684
9827
8503
5901
7952
1919
3219
8002
9302
10809
5782
2327
7678
5049
10634
4236
9471
7882
11688
10942
4013
9747
3668
9348
774
1717
6355
11563
9011
2621
6101
11389
10641
7540
2354
328
11261
6709
8706
9195
1855
11698
353
1276
2578
10536
9853
8141
7524
4072
6199
5983
1746
2414
8063
5261
1019
10283
11510
133
10202
9456
1267
6963
1133
11308
2938
249
9878
11115
3560
9140
10722
8968
734
10647
11111
5044
1736
528
4723
11515
1900
2123
10018
1376
677
4073
4532
1184
268
7712
8372
7645
7573
3885
7297
10140
3272
4922
1871
4325
10730
10662
5634
997
3975
10568
1805
5875
6232
2922
2538
4919
7485
4797
8179
558
7553
2858
9423
5433
10422
9553
4693
7355
11280
4666
6170
9281
4442
2948
6593
9407
8209
9144
5361
866
10724
1054
9204
3576
7792
2291
8606
5001
2880
2692
4719
8546
9043
8481
2054
900
3899
4928
4077
7034
160
8650
6043
5234
8939
402
8765
10069
2760
2601
9953
5283
7174
3323
8145
4637
4080
6202
8417
11256
10000
11492
11707
11779
8012
11432
4183
7734
6956
10752
2032
8170
925
10002
2915
11483
1259
4277
8381
5620
8034
4106
9117
602
6880
3112
2234
10099
3195
4682
6276
942
10533
7729
11177
4246
8415
1266
2559
7621
6895
9418
9460
11144
2706
2339
6376
7418
8766
2213
1007
3229
5864
10800
4151
1180
7097
3759
5813
4846
6665
6436
4720
5948
2344
7176
10846
1087
5830
1413
8744
9474
10504
2724
3761
11830
5560
38
14
1732
2282
9540
8653
6144
5997
1572
6942
6688
9648
9993
3244
6275
5041
3566
4330
11724
4774
2009
321
10981
6365
372
7081
3223
4795
11092
137
5633
9303
2402
1881
2384
2647
9693
4100
5708
37
3379
11741
6723
3419
10791
8453
6701
3542
10027
845
6020
2017
1210
10694
934
4654
6533
10943
4490
2872
3440
10138
142
4201
224
10753
5405
3588
6511
3732
7247
1772
3737
10603
7513
6496
6921
10876
554
9175
10413
9040
4960
6615
2288
8734
2798
3496
4368
10740
8250
11837
6293
5394
2681
7659
4264
9583
9595
8438
2217
6877
4036
7995
9436
9520
10698
6029
10155
11433
296
9050
854
6563
7437
4925
6375
4867
7249
6006
10174
7466
8615
2838
5163
10356
4119
4429
4998
4450
7128
11171
11335
7754
5610
4742
8704
9516
2071
5896
2092
3863
3486
7072
8254
9696
2035
3251
1629
6389
8081
8033
8990
1778
7476
4698
1786
10300
6869
2073
9401
11719
6114
370
5724
11648
9004
9628
11736
6361
410
6967
5347
8448
10342
9557
6213
1815
7862
6352
409
2240
9903
8947
2477
8537
6289
11023
613
4856
2259
8269
4829
756
11377
7771
9244
11082
3757
1222
6506
7847
8600
2492
10245
714
2027
10418
9584
846
10160
9457
7772
1660
4503
207
5556
7615
4766
3075
2473
10609
8661
9084
3627
4346
6453
10108
7217
1655
8354
7084
7888
2455
9405
8539
570
835
11813
4382
1320
9249
9837
10044
7396
3920
179
5092
1051
6500
7653
981
1338
10260
9545
7842
11078
8900
4809
9568
5376
571
11656
3342
3793
3296
1129
244
4917
2696
4861
1194
11393
4198
7454
2446
6024
6230
6586
565
7002
10689
8665
2136
8803
10043
6072
531
10899
1982
1725
3412
8657
11476
239
4747
8165
1254
11416
2491
1713
1850
4892
4032
10601
77
2661
144
2991
3300
4590
9563
9890
5333
10708
899
5519
4755
7438
6631
4603
9069
10045
6351
7464
8973
11627
6245
3242
6988
5086
3636
2467
7727
5339
2265
2189
745
9100
9592
6971
8121
8597
6995
5007
2200
6140
3364
1448
10767
7282
10940
4691
6451
5843
822
4587
11597
506
5498
7802
3577
10172
7378
8922
2519
11165
3158
2845
93
8249
4023
6801
7116
3729
10187
8191
805
3602
10349
3212
7291
7587
4029
6543
10635
4622
8856
1096
878
2374
1012
11371
6226
4074
7268
2204
6944
2427
10469
10511
4759
147
1389
9691
11501
5137
2512
5395
2421
7226
11384
8214
645
9807
8332
1543
673
10821
4476
3884
6356
6829
3735
10952
9074
5337
7929
6473
261
2258
8
5544
8238
6917
4513
948
6478
3557
10183
4415
2693
2106
9468
5590
2927
4992
9965
9406
9328
1484
10938
3476
9115
1197
2917
5074
3711
10657
5886
2537
6507
8685
357
6080
11369
339
6437
9777
7258
4975
7572
6722
9186
9031
2792
5611
9560
10888
8561
7096
2223
9467
2723
10203
9455
10851
5061
336
145
9410
11329
7010
10881
6820
1423
3902
5036
709
11795
10788
8953
7481
11347
6780
8726
126
10221
11840
1679
10705
4819
1136
2503
556
4059
2089
7745
168
1712
5117
7854
6961
8470
3113
1852
1472
6611
6125
9981
9403
3900
1138
8076
11496
8278
9970
886
6544
9165
1934
3423
9078
3937
2468
5368
10268
9518
10531
11485
994
9585
5027
8535
4135
9671
2488
6526
10209
6588
2215
9220
2079
8022
4305
10916
2403
1371
6143
9609
1830
5819
2188
5206
6881
11468
9368
11020
4745
9669
4544
1208
11755
591
2515
3247
11394
1233
11842
9498
1509
9946
9329
5437
4976
9938
6799
6340
1367
9287
22
2985
9738
7580
3217
1729
9667
11052
7095
1910
8783
9275
1831
8363
7633
8393
6403
4985
10781
5055
2148
2417
5879
4043
4127
8110
10410
4990
9797
2585
6605
7317
9915
2494
1451
7375
7497
11624
7416
7493
5599
2677
8247
10210
936
6472
9159
3643
6546
7159
7354
6773
11609
3517
5125
747
9430
2921
10086
8895
10540
2833
8059
11827
851
7611
8585
10892
1475
4707
4812
10921
115
2122
9122
9668
1544
10241
4028
3166
8300
11098
3841
834
1673
9992
3986
3829
10685
9636
10677
3413
1023
3500
9845
7976
8804
8275
4840
7589
4301
5689
5331
5647
11647
4662
4521
9345
5362
2918
4172
1290
2967
4757
10642
6638
10974
1700
1147
2105
6982
8371
332
4058
6420
7453
9400
5002
10810
6622
10126
9593
755
2963
493
9178
1710
4574
6197
3670
6654
5089
11211
3635
3434
892
8933
4194
6291
6602
824
6859
10929
1081
880
7801
9271
10838
8927
10387
11799
9964
1479
9161
4397
9835
6018
1777
3482
3155
1010
9113
9971
8162
8251
6841
11208
203
9349
514
9412
5950
5311
4391
310
3479
9823
6493
10598
208
10667
3590
11222
3707
1154
7237
10966
5882
10199
9105
8892
6091
10496
8197
5577
9198
4599
2308
9681
11346
1977
3143
760
10570
5400
6962
5291
1392
5536
5566
4857
8040
11006
3175
5899
9026
7022
2964
844
4214
10585
1088
8176
4571
11215
5300
1532
3878
6422
3778
9243
7915
10560
9044
5462
11140
1364
5522
5554
11635
707
4633
10711
11683
1481
3609
10397
7775
4794
836
2440
8517
10282
2199
2932
4470
6286
4767
8211
435
8852
9940
5131
4071
1274
4000
6165
3687
3240
6516
5509
6336
6002
1258
4026
2372
4364
1755
6360
6924
4967
101
9351
7232
9887
6047
1916
7907
6848
97
2593
4365
3880
9057
2562
6862
1812
5678
151
7853
11121
2747
3773
6872
8957
3185
8273
8711
10534
6655
2065
307
9068
3118
4597
11744
3228
3055
7719
5961
4547
8385
3523
3586
6040
5649
5472
7867
4923
5699
2638
3140
3532
424
3678
5559
10167
10945
6714
11732
9045
3489
2949
1909
2329
1892
10350
8113
8173
11067
10243
6327
1820
4098
6959
8160
6216
11525
5667
6927
4002
7641
7622
7532
1059
4445
9071
9780
546
9736
5753
448
3194
4191
6168
911
6249
9957
1971
1209
3375
11796
9183
9148
10684
4607
5461
3543
6938
3811
6077
7352
4094
9402
4240
6712
2147
1199
2997
7549
7285
10485
10996
9907
7716
7337
11458
10626
3969
1127
10125
4678
2164
8103
8733
524
9024
1507
636
10593
3814
3100
5569
3465
3731
5050
8530
10317
5840
2230
4529
2549
8055
7294
5499
10376
2348
1652
11720
4069
1231
4873
4420
11000
264
167
1162
4756
9051
11607
3318
11204
4316
10194
6548
10535
3593
2292
8549
8716
5695
11038
9847
11362
2480
943
9913
5558
1220
7001
6173
9503
6774
4131
7649
2134
4157
2237
3724
9910
5454
7578
3719
6930
3137
10375
7259
10848
7429
356
3103
1230
7201
11442
9641
10426
11258
5208
9616
10664
8681
3672
1802
2571
2788
11210
10866
3549
4354
10233
10165
9482
6328
9754
9757
9135
2443
11506
8984
2733
732
8867
7963
941
634
3007
4541
9236
10804
4909
7899
11639
10148
10122
6462
3421
9389
2583
7233
7956
3818
4386
10933
10936
6752
2182
2741
7327
4838
5081
11763
9486
5329
1542
8293
1395
4038
5071
5675
6127
1677
5101
197
11825
7312
2411
1447
10059
8283
2303
10458
10858
5989
9562
3047
9340
4941
11236
9431
6553
342
11470
73
6244
864
4184
10994
5285
7923
1240
11021
5035
9703
2016
9999
2286
2070
6518
4734
4567
5012
3777
6037
9622
2392
9680
50
2543
4422
5031
3132
7604
74
6017
3443
923
10475
5314
10754
10839
10420
4487
10729
8624
605
4045
8245
10322
8819
5098
2976
1750
4630
139
3257
8529
9750
2947
2175
10223
8341
819
7372
7188
8126
9984
11621
9525
11370
5301
3964
11398
8637
2353
1499
8759
7446
2037
3407
1758
8338
7200
2120
4211
7917
5806
2657
11339
7682
5683
5788
11322
8875
11064
8848
9896
5126
5056
800
8318
8911
8003
3887
3990
3754
3800
11323
1568
6649
10483
315
7110
5425
8083
1854
4245
10285
11356
7167
1570
3521
5046
1037
8576
8975
1810
3554
6566
3481
7356
1608
3626
3051
11590
9643
3943
10817
10701
187
5129
4052
4377
5804
7932
10675
5729
7758
2793
4850
5505
2330
5216
10920
9843
5431
7511
652
5839
5414
85
7683
7461
3507
2225
11312
10286
1714
3718
2170
8308
6263
44
7855
10792
6379
7928
566
8590
6600
2368
2482
5711
3222
10391
11375
1515
658
1083
10360
2556
1407
4497
6625
4280
10550
6195
10586
2901
10903
4435
1301
11326
5907
1689
2664
688
1073
11768
3784
1497
5139
2719
5187
6160
6124
10101
4842
11396
2830
6957
1153
453
6176
11213
577
8556
3054
4141
2876
8365
8228
8687
5934
6308
11400
10670
1670
4724
3692
746
6060
873
2366
2727
9356
1279
11552
11060
3988
1485
9790
4200
9066
11086
7330
5887
236
3382
11071
9661
11408
11157
5039
10135
3862
6239
10619
10815
1860
7424
4176
7071
11053
3299
3570
6571
2959
231
2743
3469
11497
1271
2018
8468
8753
6135
8505
8566
7163
11778
9190
4462
11702
3302
2185
9727
8042
5115
11463
3734
3666
4971
11560
4820
6592
2272
3644
1651
464
4704
6366
10571
10269
5707
2848
5529
5064
1858
3813
11159
9121
6689
10441
6409
11145
11160
6046
2046
792
2028
9962
1227
1378
982
9626
2712
3688
1318
4
4465
8821
2400
3057
71
9741
1952
6065
2960
396
6251
1988
6098
4638
4331
11601
10885
5318
7092
9466
2594
11311
7795
276
5674
3128
2169
6421
661
4921
3552
1616
11196
7733
1742
2968
10744
5546
2864
1160
4223
8312
7800
2104
6717
3819
11079
772
1237
6807
2533
2003
6735
359
3650
69
2615
1887
4979
6053
1844
8446
4854
628
10617
9272
3168
9701
6753
3337
4169
5750
5715
1017
9552
11119
3809
8980
3938
11443
9154
1243
41
3384
5439
4441
3548
1356
9156
7666
2160
8410
2382
1009
8168
5249
4088
2862
7115
7743
279
9054
10521
6357
11252
1740
1221
574
5072
4359
4233
7662
2487
1834
7240
5779
9959
3136
10956
8966
2197
3295
3352
10479
4796
7051
10121
727
10398
6691
2759
6255
4378
8455
5417
8660
4763
10030
4285
7442
757
5438
8014
3213
7134
7509
4427
76
1703
4152
9787
7592
5861
3309
567
3165
1776
2173
7650
2445
389
9464
2305
5369
4656
8242
8824
6056
1851
6540
11780
782
2300
266
10017
10674
1637
4559
5088
9027
8628
7989
7483
1091
6980
5713
7845
8333
3238
8367
2566
8782
5168
8082
5144
1936
6746
8822
5265
8289
3758
827
11584
8133
3393
248
8257
8396
299
8246
6855
656
6151
5878
11610
4281
1745
242
3086
5477
1287
10891
6501
6304
10862
7953
10112
8593
1685
6946
11250
1672
120
741
8594
7829
7313
9268
11569
10371
8043
6809
7582
5629
2418
5134
4125
8488
9509
9397
10453
7184
8938
11110
6517
4221
4312
1582
2447
3378
6396
8502
7821
9698
11520
1709
1872
2633
408
9067
4498
3825
3510
8334
2082
6897
10597
4339
4951
6464
6656
11305
11571
6103
1959
8827
8522
9542
4254
11665
438
2209
11337
6272
10173
7430
522
2224
11781
519
3585
8540
3133
5377
10106
9793
896
8742
7182
1139
7565
6130
3906
10829
8616
10836
6991
11775
6987
6277
3202
4428
9949
5083
5225
9846
3339
7227
5564
9012
4938
1528
8904
9396
3559
4540
10564
5954
2254
3794
9666
10406
3218
9313
6996
4021
1945
7185
8614
4810
3280
4677
9223
5673
6846
1075
3365
3262
3366
1575
3394
4286
4003
9335
2458
11105
6976
5161
11420
11291
9493
11117
9803
1620
5637
1193
8323
1252
4981
9435
11342
5500
8426
5432
5809
6931
10193
11072
11446
269
5146
7036
9372
2584
6297
4775
9164
10614
7736
8761
4999
395
88
3331
11595
10939
6059
5021
1170
2140
3426
10368
5889
7672
5771
520
2405
5965
334
4499
10439
1265
4234
6074
10900
10287
7744
7179
8243
5748
9676
11113
7522
6528
9635
1525
1511
840
4927
9240
8007
2102
8944
3005
4388
4932
8236
9891
9449
6154
3226
1085
10508
10389
10976
9994
5281
1974
7770
4004
1004
1443
7748
468
6549
6864
3025
2734
9798
6626
9278
1668
8436
7148
3290
5795
1215
7013
8737
11344
10312
387
7681
11696
5735
349
6495
3187
3530
4957
7568
4843
1767
11615
9298
10590
8901
10085
2118
10875
5446
4906
10771
6215
5294
2132
4987
3992
11114
11063
588
10228
6669
659
4997
2276
423
9930
3298
5479
3156
40
3206
6904
4581
6915
10909
895
4942
300
9892
2314
11230
5473
5350
6928
5728
7707
11332
2695
3036
3310
9753
8451
3201
425
11353
6118
9163
10548
4952
4764
6849
6812
1018
11002
540
1130
11729
4527
2176
450
2992
3203
6146
6055
10747
5911
63
8935
5682
6965
5038
5530
9574
9219
7477
6575
3708
2659
1155
7444
8723
7129
2819
3547
20
1903
6941
580
10786
5501
7625
10427
11489
23
3792
2534
7278
11673
6398
8960
7494
6825
10007
8527
7949
5222
8625
2077
9170
6063
9194
11691
4230
1788
5831
8281
4326
4640
10180
4826
11460
7181
4621
2050
180
6211
9721
11480
6212
7728
3010
3967
2697
4870
6515
8608
807
7472
2323
8869
5286
7798
6417
1132
5415
4319
7377
10649
2360
10168
1188
7415
8776
3918
4972
3411
6174
597
8151
704
4165
9451
11316
11674
1218
11107
1839
8224
11526
4016
3751
702
4910
2233
1947
11772
8086
8729
8784
4466
255
1114
11664
1303
7808
7345
6469
10102
5800
2826
2484
572
1804
8109
829
2554
534
1867
3959
1723
3004
6260
5165
7825
8227
7688
10411
5193
6826
3596
11391
3832
579
35
9694
6908
2579
3065
9070
9196
6191
8403
6892
523
7690
7919
7133
3663
608
1015
730
1453
1868
2315
8588
6933
1000
5173
10151
4649
5441
11710
7064
8849
10616
1352
957
2435
7214
3369
4776
10363
4118
8452
3322
7049
1707
11661
11352
5029
5162
5602
10154
7965
11692
692
3935
5986
8206
9838
9064
4271
4605
4483
557
932
9212
10301
8231
8963
11284
3270
107
4496
9972
7451
6978
8255
5568
5198
2312
281
7700
360
1495
2317
10819
5387
8769
1774
1442
2010
2369
3683
2098
7875
6447
505
3805
9728
5191
4225
10980
186
5444
10679
9507
3123
11282
5940
1969
202
2940
5157
1669
136
10247
8805
6497
11805
2191
11472
3567
3661
9366
1187
9273
11619
8132
7348
4193
6095
1681
3082
9670
3874
10049
5777
10373
426
8104
166
7193
9252
8131
1071
4726
3049
5000
7099
10011
461
9235
6745
4509
7893
9470
4066
6702
10524
5542
7832
2560
6431
9274
10864
9841
3919
3159
6172
2894
2412
5219
11399
9875
4493
1095
1465
10006
9660
3591
1562
8475
9481
4661
8152
8031
7628
8996
9193
10543
4258
5492
10799
2994
4395
2263
4523
9029
11397
6434
10118
4182
5148
10783
626
4190
1391
7090
11069
11567
5706
7331
8842
991
4619
6502
2809
4253
4209
2555
10566
1654
9554
9000
11764
9091
8216
1546
701
10798
5511
3139
3997
11516
4293
1496
6744
9642
4432
125
11708
3675
4851
7315
6241
26
1547
10592
6236
6227
10849
6301
4738
5275
11297
3188
4321
11562
1020
2687
7047
1026
6896
1390
7894
5642
3480
6811
4504
1286
1832
10306
4516
8326
6743
10029
3281
1583
1476
2281
7222
3781
11523
11191
2663
9855
3871
10842
10497
2812
6108
4700
10951
5776
5904
11636
8986
6317
2321
1992
10246
8172
11534
1021
5201
5953
2546
11395
2870
3868
3575
7448
7183
7955
6783
1925
5550
6196
7486
1853
2800
7422
9331
8717
10143
695
6128
1687
2884
5355
6082
3095
609
4022
1771
4384
4703
9300
9935
10197
674
773
7914
9314
9357
3023
4943
5341
503
10089
664
5451
7526
1795
4430
345
9018
6539
9600
7773
2536
8115
9712
2337
5836
973
7597
5606
4105
3439
6338
11599
8591
3508
1941
9158
10466
1753
5430
841
4779
3738
5486
5848
6729
8302
9876
4456
4665
2971
10297
2853
8001
3373
2810
5985
818
6767
3516
1728
10336
7760
6969
9238
9021
4974
4081
9425
4557
7794
8159
1181
8703
6468
7834
3250
4955
5105
11264
9184
8844
9478
1483
33
7922
6203
5823
6295
7708
904
10448
3982
9010
6107
2302
4839
4711
624
1943
2184
2672
5110
10390
7304
7577
950
10720
703
9199
2459
1517
5718
3545
6559
3838
1549
10814
4611
8689
10955
4947
3870
3433
4177
8577
9073
6667
10917
1577
6048
744
9379
4303
10325
10338
6100
11016
8720
6463
10323
4205
8270
1173
837
3344
668
2973
2937
1111
6243
11189
9729
11783
4577
1076
9108
10877
5880
5926
5773
1519
1341
9286
8198
7687
1530
7169
8756
637
3325
8478
1695
4355
940
2850
9155
4018
11383
348
974
215
6353
4543
110
4491
9620
3563
5190
6448
7306
8501
9251
1094
3064
1846
8926
6316
7769
11187
7450
4836
10299
1478
8079
7058
5093
9934
8006
2889
8210
7171
7131
10066
9136
7655
8091
10230
9909
9513
1205
305
2038
1584
2851
1363
10333
229
7807
1534
11179
11679
8374
7366
11810
7890
6129
5949
1491
3769
10896
4601
5764
11474
9611
6189
5154
689
4657
7154
5502
8434
1325
2019
2375
6458
5108
7225
3093
8310
8399
1249
4653
3303
5526
11299
10271
9142
11368
7759
3799
869
9856
371
8106
8185
9475
8641
5149
10713
9221
11164
9180
4231
8217
129
10822
10063
2849
6264
2717
4580
4067
5822
6832
7340
4078
1080
644
6318
1759
3161
11146
8489
2986
254
3182
4007
4502
8314
4799
8174
10464
11816
11300
7338
7704
8508
1452
8644
10611
5390
10751
8738
7293
2684
428
7166
7273
5297
2580
2152
2577
3071
7392
10726
5065
11742
5881
502
3857
3721
8617
6190
10984
7195
8902
384
5744
8167
11493
10369
7968
8020
2783
4592
3954
9224
914
11317
9779
8846
10303
10263
5939
25
4295
1590
4920
4178
7779
7272
8345
2351
2881
8997
2547
996
11235
1841
11076
10489
7271
2639
1757
4477
6093
2740
11537
8071
5726
392
3430
4337
7900
4609
6974
1365
10074
8983
8138
8974
9954
10758
11120
4134
1564
717
10072
6596
6428
6454
10702
4553
1098
7881
5922
5197
2206
9806
8352
6778
6441
9291
412
45
7447
350
667
6404
1641
10972
6598
6325
1473
8154
2093
1796
2389
5304
6131
7835
11007
2625
3105
6673
5975
905
462
5677
2186
3390
3179
9292
9716
5865
8828
486
2616
4573
5576
7057
6136
4091
3098
9182
1006
4425
832
9776
11382
10226
4154
7445
10450
3008
286
3406
1416
8416
5627
10116
5447
2665
6576
9925
2208
6619
6378
6206
2613
5506
9086
2074
2006
9742
3109
8495
3487
7679
8950
7848
2320
2061
8612
5920
80
4789
2485
11062
3317
11168
6334
728
2227
1998
6214
6274
10423
1626
8128
6372
11638
4318
9633
4309
8379
4761
6450
4035
4978
8788
4980
7151
116
11289
3831
11257
2721
10499
3102
1792
333
9566
10509
8005
10710
11452
2172
7913
6682
3383
8431
7504
7903
7367
2066
11026
1809
10975
5935
1089
5069
4792
5767
7000
8896
1498
1146
4512
4049
2627
3823
3806
11634
2879
3881
9099
8306
9991
2245
3962
3502
8871
11641
8052
5656
4546
8336
5621
5099
6221
28
10962
6822
3442
325
6085
6536
11450
7706
285
1975
10924
6545
8432
8266
9861
7186
5364
821
2619
6491
5269
9319
8940
320
5958
11367
5974
4984
11498
112
10581
7009
7165
6728
3689
7465
11202
6416
1063
4041
2041
2735
311
4837
1586
8291
2498
3564
4479
10963
3497
1039
3209
6711
4371
10688
7279
9145
1730
6477
9849
4228
7695
1406
2955
4863
7723
4313
6919
470
6621
8691
1331
11556
10661
8855
2995
9922
9650
4437
6423
7266
931
9926
7652
1234
467
5929
1190
3014
4772
485
4187
1875
9591
4895
6452
5238
6460
6443
9129
4871
3587
9987
152
2442
1319
11794
7029
3695
7484
5271
2117
2767
5605
8951
7843
4353
4412
9269
11640
10486
11182
2635
6839
8698
4786
5435
3028
7059
10192
7196
8791
2408
2885
5378
3703
6583
192
6850
5888
1524
3630
39
8202
3801
1579
10969
4964
4877
5814
7554
7514
3149
8943
6623
11274
10946
7636
6382
2643
10513
691
9304
5604
3782
2996
6838
8125
68
4771
10019
11149
11220
3952
11681
6078
10211
2067
6720
8465
4407
7983
6480
3505
4387
3561
10310
2866
6362
2043
2131
4096
7400
1861
8369
4879
4880
855
11630
5537
8378
2201
4515
3122
10115
3583
1503
1906
4706
9605
6414
4679
1064
2820
4808
4780
5641
3553
859
3714
10563
1186
7074
629
9262
2837
11286
3125
1917
3983
11022
3682
7512
3142
10276
8816
9174
2669
7689
4329
5194
5535
6913
7677
9316
3056
6183
9270
8727
5102
7630
5482
2802
11686
6945
2764
2808
6342
2772
6267
1106
5136
9053
6368
10716
3495
5250
10412
8642
1545
11559
1437
7530
8999
4659
3214
11535
1349
2357
5413
6973
393
10629
8069
7993
965
5696
5233
6111
1876
2906
5991
9772
11784
1806
1381
4180
3913
1315
5124
9484
4232
11655
9424
2290
5690
2565
6271
6581
11198
7213
9850
6385
1432
3514
10789
5859
3444
9315
10482
1967
11234
8575
4680
134
8500
6617
6424
8682
7570
376
3910
11649
138
7740
377
8150
7818
6105
8347
9373
9330
2116
4111
1398
6662
6171
8559
11538
8195
6490
9282
1134
473
7786
2194
10109
2775
11561
5749
7370
8731
1169
123
11625
3749
11800
2075
2476
9055
11046
7121
6439
4402
3085
8279
3528
6012
9476
3694
1935
3540
1866
3312
2869
7173
4886
10741
2222
13
9708
1927
5717
2909
10901
8859
169
8523
11747
737
6484
3107
10855
8444
6794
671
5316
10378
4612
9305
2530
2415
5575
7231
319
4218
4555
4053
6803
2806
10785
2636
4783
11429
648
3259
3973
4460
8905
1874
1439
2779
956
4739
751
8862
2791
10718
7087
1373
2655
11327
5401
8699
8180
2528
10627
9527
3205
1618
7164
6097
9419
2304
19
6200
2899
10141
6907
10856
7751
8810
9561
6833
8747
6950
11288
6520
8343
3336
9216
7566
4566
11241
2218
2433
86
5399
5941
9344
1665
5844
7316
1397
5557
3416
9614
11437
7037
4709
10869
6597
946
9162
10157
2284
7927
3062
3877
8479
11313
1981
11675
1372
3686
2080
2441
10320
11653
6768
7827
7857
5959
65
1734
8567
2678
10026
1933
5910
9912
11333
8775
8736
6705
9784
1811
3960
8658
3664
6644
6776
4362
6816
5752
10588
5349
10672
436
4341
6461
3659
7762
3129
5737
7474
5617
4615
9672
9834
6071
7118
620
6852
6620
1738
5032
3897
3346
3942
6008
241
11275
4770
681
6591
2962
2072
2295
6015
11035
7975
10288
9326
6068
7651
8603
7505
6613
2725
8684
4858
9394
9763
6653
9828
8991
5622
3454
6158
2396
545
6030
7541
5445
9656
11229
225
6290
4173
6719
10772
6632
9090
7576
8178
9610
10825
2516
6578
8418
5646
1739
11001
4082
889
5322
3181
4930
6817
3936
5869
8309
7617
10721
8789
6066
9573
3950
10692
11613
682
2688
10367
7007
10357
1177
1760
1836
11296
1417
4584
11555
6557
3569
9864
9990
246
3788
1946
8596
4451
8670
1148
6113
5615
6552
191
4217
4208
1766
9842
568
1183
5185
10853
3144
4519
10254
9439
2149
3409
11453
10061
8450
9758
1922
3909
890
10654
9833
5327
8213
6217
2253
6683
3869
2340
1856
11193
8763
9132
10238
9370
3097
388
9293
1859
1463
5624
10236
5772
9200
2299
10944
3845
9461
5513
5885
8028
3077
9939
10554
11124
8740
5403
7336
3652
8256
9276
8883
10686
8458
7298
10850
11740
2121
6798
6229
1172
9986
10719
9630
8654
8619
7991
10492
4405
5736
11201
1038
6958
3843
4629
10565
7746
1500
2910
4746
1585
2319
5855
1612
9259
7015
1741
11200
3524
2196
6873
5741
5104
5584
4075
8595
4263
6284
2944
1350
8058
10707
3135
5231
2156
10743
5691
10258
7619
8181
3722
11135
6391
2650
10311
10329
4765
1516
9146
9665
10656
3850
11771
4936
5018
11712
8437
3243
8891
675
2815
11338
1492
6207
3905
326
9686
5984
9662
11214
10079
3468
6527
961
1997
10462
5212
9215
10512
815
10201
11251
11803
9080
3345
3779
4890
2296
4012
7594
3220
3658
6664
4915
58
6901
1643
3040
6067
9711
11281
2969
6073
7014
3883
7506
3771
2391
1619
1361
1093
8129
417
1362
9725
3594
9079
10217
693
9213
5761
17
7912
9702
7035
5760
10444
7950
4272
1510
3432
8932
1865
11757
969
9764
7050
4404
439
5802
1790
2096
5845
9034
4749
3804
10812
4658
5321
7079
9038
10016
10696
4464
5666
1069
11134
8893
9523
848
4376
1226
4327
212
5543
11811
9458
2597
897
5539
6756
11464
513
11242
6741
434
1430
9719
3924
7204
7
1956
1817
8807
10807
3998
4664
4777
6494
6725
9321
9459
11185
6041
7160
6777
1166
4636
1667
4092
10569
10797
10843
875
2395
3856
2518
1408
9487
5663
11306
3555
7239
8764
2984
7024
8060
4099
8673
4685
3313
7012
9338
1289
21
8219
10687
2076
7838
11351
2532
1735
6646
5619
6992
3690
2373
976
6110
5946
724
3024
1189
4315
1634
3306
4737
5964
665
6302
2945
8560
2424
2805
2257
4623
1067
421
7125
3403
3162
2558
7876
10895
3253
4370
2379
1304
82
4631
10170
9063
4505
9210
8288
8550
5702
3198
713
8873
6939
414
293
8004
2582
3301
7713
4150
5375
7836
7699
6384
10806
10190
10655
7961
6299
8835
1720
768
5288
5388
7782
10132
10131
998
1593
9350
3979
11570
8909
220
5254
11773
5427
8472
3669
5156
3099
10415
1123
2355
7865
6280
7817
11726
3951
4751
2628
891
1661
9724
5508
11175
9920
575
6731
3646
5067
7264
6824
9020
2346
2021
9361
9189
10770
4849
4907
10374
11314
10867
2751
3441
11379
7045
2699
3634
8755
10739
9916
5801
6523
5040
10347
11153
11777
11587
9229
8735
8480
7109
770
8934
501
5383
1993
8107
10639
8630
6112
6710
5078
7529
1360
10060
6122
4600
598
4226
3080
11626
6182
7141
10908
1236
7658
1450
1024
9948
10033
6570
10748
10600
11812
7693
9260
7381
11471
6871
2645
10434
3693
6580
11032
916
863
6785
10191
7234
1514
8636
1112
9588
11122
5140
1440
4116
3676
10244
7440
5531
8262
1518
5320
9937
9233
3467
7933
10128
476
5351
11593
6435
9818
1282
1693
5921
3059
7507
5325
8292
9692
4399
1044
10259
9308
3471
164
1610
5459
9966
1904
5608
10382
11057
4835
5396
11404
7883
9872
8498
2970
6181
9858
10257
6562
8623
8420
511
5392
1978
10090
4570
3478
4079
2109
983
7310
6418
8099
8620
113
6952
5697
7108
826
2236
8447
278
2293
7498
451
3685
1388
1459
2914
10493
10012
3984
8139
7660
11430
4434
9988
2714
4455
10326
2716
4868
3746
5945
11109
11154
5246
2068
8568
2325
6757
6732
8586
5902
7839
472
4390
5877
7657
7874
1631
6676
2892
430
5421
5816
3399
7584
5639
1213
10120
11554
6704
9501
7675
8964
3193
11150
9526
10400
8427
10778
529
6042
7985
937
7030
8536
3504
2590
9277
10087
4283
4472
10361
11465
3573
2153
2042
3741
5616
7335
1474
9306
5352
2646
4878
3355
7537
11387
10242
11695
5704
9663
1041
1298
5998
8799
2787
8894
6635
4292
9378
5107
10761
7654
11466
8748
11260
6993
6754
2603
5450
5114
9201
1011
2331
8143
4104
696
9657
16
10989
6916
9886
4168
8164
9203
8981
8823
7647
1482
10314
9322
7408
5653
1870
4681
10208
9904
9733
481
4534
8645
1332
10910
559
5664
295
5312
8046
1165
9247
364
2298
5230
157
4903
9125
1628
10481
8097
5175
2264
9202
10790
2738
478
6730
8798
2925
7172
4333
8710
9556
9242
8271
3408
3965
6827
8945
6134
8785
787
8471
1065
5631
8194
9441
10177
1355
2575
11682
6246
11588
10435
8078
7397
11495
945
4526
6755
6628
10224
5402
5407
11819
10227
5166
5186
10071
9995
352
11013
5742
98
11102
1603
1477
735
3488
9613
971
3872
2130
9773
3673
4606
444
7103
3835
915
2667
7238
10296
8358
1862
10023
196
10459
9840
121
8050
9589
8404
11237
188
2887
6138
4588
1078
10750
1125
8319
8646
2920
8923
4247
11549
282
5719
11500
10816
3987
6999
10009
5448
3091
3359
9565
11129
1241
6022
5643
5273
5272
6
3340
317
11694
551
2551
9830
10261
7328
725
9157
263
4381
3157
6419
5609
10156
5106
8942
11096
928
4373
11490
5143
7052
6715
313
924
8582
10091
10725
10520
10676
234
4383
11028
3649
930
4869
4431
9555
4875
4670
8692
2429
4126
6738
9800
582
4652
9453
11699
600
4708
8175
7877
2843
10835
9536
8890
10036
1888
4031
10327
216
2934
7257
877
11309
5371
8831
4276
1058
7551
6851
3069
1604
11011
9718
7768
11751
1308
839
9802
1158
8793
1512
8669
1662
10113
7789
5781
3171
7731
1847
11207
2729
5372
6475
3742
5834
2828
10068
9395
633
958
3941
11829
7419
9918
10394
405
5630
9893
465
6163
8047
2972
6508
11703
8215
9714
9713
10625
3464
2511
1232
1912
4522
1156
10840
227
2430
7112
9510
7075
7401
7558
9
9391
2
1457
5306
5178
3291
10860
3993
10330
6977
3120
6555
4565
9187
1396
237
11646
3239
8813
8235
2101
2020
4101
3599
1915
7761
7910
10291
8038
233
638
4120
2508
1807
9704
1229
7435
8504
5085
7322
917
9919
9932
10591
1421
11546
7333
7559
7626
902
3285
459
2279
7885
10757
10648
3494
5538
9399
2352
2587
11660
1521
9103
5534
10690
11152
6779
4170
7575
4340
9645
5662
11788
7088
10436
8201
4648
4308
3090
5159
84
3847
4439
1639
4617
4822
11808
1751
3338
11188
2342
11421
6920
1135
2702
1297
3991
1748
6657
7797
8565
4084
7833
5305
6808
327
10277
8144
8274
5937
9881
10414
3544
413
1296
929
7996
11447
2765
11838
1263
10402
4558
4149
2835
10383
11733
7417
9689
3815
4535
11721
8105
7309
9717
6309
8728
4575
5712
5442
7616
5003
5995
1550
5418
11075
3915
9888
490
4785
6737
3241
9658
11005
7739
5150
6608
10549
6312
4848
3780
552
3361
11027
7837
6186
5787
7624
960
9575
1727
3861
2763
10010
6793
5100
9369
2605
5524
7040
3833
3527
8754
4398
5734
5797
1664
11248
3474
8321
10189
5548
1201
4531
2212
4904
3191
8391
7599
1949
11533
100
90
5644
3233
3824
1970
3702
8146
10428
9952
3846
2701
11789
9791
6758
10031
9996
8398
492
2436
7162
7859
11806
4859
4348
5080
9499
11801
3189
10663
3146
9548
11206
8762
8516
811
2490
2526
10551
10553
5669
198
9341
8732
367
4379
1029
8626
10653
3611
411
11303
2365
601
8169
9016
5884
5828
9307
1824
9958
15
2912
5490
1955
457
1821
2086
7765
7077
3221
9118
8899
11787
2394
8930
3776
7735
1884
8795
10652
4423
1300
8222
10928
3629
11643
3333
5679
5625
1813
3061
10644
9961
8067
3911
11019
6510
8351
11629
4616
4446
6228
10449
497
10827
9743
9452
5968
11103
1446
2708
7324
8884
11581
7508
1248
887
11390
1607
1185
11253
5727
4128
9192
9036
7436
7299
4753
6149
6159
8239
1084
1647
9035
2591
10366
7860
10633
874
10818
4586
5962
3584
4393
8613
4994
6401
10882
9911
6027
11809
11262
2151
4814
5780
7724
3020
5803
3288
4261
5915
5006
10097
3775
515
927
7256
9944
2112
10408
7208
10958
11365
2935
8558
7145
1938
1763
10103
4876
11341
9445
11290
2612
4290
2520
6791
882
5533
10404
2387
7539
7349
3996
4124
10472
1690
9675
1061
8967
9225
7067
6425
2179
4474
9320
10898
6538
2260
614
7137
3855
1920
3096
9766
8084
11760
4815
3363
6348
1014
3186
6208
9191
1351
11267
7488
1429
9149
5857
6266
5668
6489
5561
1877
2897
4988
8519
4369
341
2859
10417
4025
4296
1826
9687
5890
876
590
7290
8057
7610
2757
6894
6133
7390
4729
4791
9808
2953
4644
7721
7023
11709
9534
1649
10879
6011
5042
5358
190
9017
2051
4602
5091
6564
10476
9354
1630
6770
4740
9720
11112
7261
8023
8196
3422
10460
9438
7156
10107
10763
6601
8948
382
10979
10624
8877
2651
2154
7083
6499
3616
1418
1449
9812
2752
9265
10949
1913
2465
952
6766
9294
5820
11254
9428
10915
4485
10421
5613
6235
4834
10561
4760
4687
1337
857
10931
8094
10133
5731
3873
8027
6311
8876
10765
6524
2867
1192
1984
10425
2860
3402
11427
289
1987
3321
11503
10538
5121
10941
8694
8395
5732
868
11612
5972
2567
5302
3079
7969
1566
4475
10766
5687
2957
2049
560
10358
7861
10863
2542
1622
7796
11668
9740
4872
11585
6201
4424
6442
9929
10576
2509
5579
4458
9824
5434
544
4579
4627
9150
9022
8095
6902
7384
6486
8346
7958
4893
5370
2460
3448
7395
4494
11620
9950
9519
3789
1211
7286
109
369
449
7879
9169
8200
1260
5026
1321
11746
9508
9207
2370
3632
1206
9058
10344
7065
11270
9744
8787
5593
5366
2531
5866
7935
9980
11099
1721
3651
89
1845
5211
9927
715
3674
8268
11667
7726
11025
9013
10883
10991
9504
8609
6865
712
1635
7190
5171
2095
2057
287
2438
3739
7555
1022
6815
11499
10947
7398
8108
4894
7872
2143
8959
720
11068
10437
5053
11240
4050
8746
2439
10872
440
458
7048
491
6899
617
3589
7982
5826
8790
24
5004
5335
11138
685
555
3027
8528
2691
10239
230
446
9032
8851
8457
9578
4314
4610
4561
9715
5876
7197
226
6641
2773
10873
11363
8411
5684
7105
2609
10265
8284
5496
2823
11024
9874
4175
3088
500
6890
731
5382
8491
5963
6031
7363
6903
5077
47
2444
8538
3016
4800
4153
1409
8130
2807
1382
8474
10455
10051
970
3513
1149
6695
5923
1504
3110
6193
10065
2251
1650
4855
9756
711
5798
3372
10529
1458
4889
6240
3
1464
9564
3834
10042
3895
10887
1656
7656
9839
9755
8547
5467
3305
9208
11761
5030
5825
8548
9102
5659
11243
4897
8841
1326
11358
1784
4017
1819
8627
9517
2457
375
10505
8433
9682
4307
8124
11752
4887
8515
6184
11713
10890
9422
9119
1814
7168
3490
11614
512
3867
8424
9550
10612
6658
9902
9901
3908
11589
11518
1837
1264
7725
11355
6891
6383
9383
9248
1225
2000
4762
6949
10098
10736
3183
7251
5229
3147
6796
2416
1857
4408
5205
9241
6035
8406
4715
4712
9805
3958
4083
10610
8008
8080
1863
10216
9205
9342
2410
7066
532
2464
4595
5181
4683
11697
7946
9634
7543
1964
7562
7119
10870
10487
10501
2576
6700
3730
6076
7671
8838
2203
3424
8604
11835
11762
3610
6844
9502
7423
3353
9945
10302
2882
7644
7569
10948
9615
1490
6177
9537
847
11411
603
1242
7439
9786
2278
11478
6036
6438
6763
11334
10532
2762
1601
3820
7080
7394
3562
1056
4995
606
2607
1688
10731
3821
1926
8993
9056
6568
1878
6363
11061
7851
5790
11557
4736
1031
10341
358
6433
8872
5132
6804
6292
7020
625
6142
2626
9065
8713
9289
3970
11592
3912
176
1278
5019
3619
10048
11714
10248
5346
7219
4958
804
7296
4148
9831
2463
2214
9477
1480
2060
1598
1880
3332
1789
7060
8722
3048
3925
10813
8459
1563
11508
9871
7267
9617
9371
130
3235
7997
11717
10488
9931
6853
6514
8817
3111
6937
8774
5277
5063
8203
3603
3691
5626
6764
2015
7211
3798
2952
8056
10552
8039
1434
5978
4804
4237
4467
9083
10186
4714
11494
3311
2568
7620
6870
10787
9437
5005
10250
6430
5758
11381
9299
3506
10913
3006
1520
9977
3329
3851
8377
9037
9968
51
1908
9255
11186
4057
7101
3898
8342
967
9705
2908
10407
4697
10985
1387
8405
10961
8119
11354
10474
8089
1827
1744
4055
2128
11380
7303
1245
7557
7757
2385
4501
3928
6457
1942
11039
9311
8809
2966
193
2114
447
6670
6784
4935
5860
5916
1535
6482
8878
10284
6687
5082
3450
11155
6298
5188
10580
314
6547
2133
7869
11376
2301
2249
4866
655
8029
9206
2426
6936
3767
4514
3512
4027
3224
2900
8730
6660
11325
4229
9367
1047
6595
5284
1965
3968
3787
1756
8261
4695
6821
3385
4160
422
1261
3907
9376
7409
4684
5122
4725
7778
8638
2014
4239
4110
5597
9092
11077
415
5172
3141
2183
5138
10907
8469
7718
5925
3178
7132
8840
3827
3660
9783
2039
11319
146
11227
3743
10081
6529
2861
11564
1119
6139
3888
5952
7068
3706
6084
156
11449
7008
9865
6090
11444
6343
8880
7351
6219
9245
9237
10847
5811
1699
2242
7840
8700
1113
4769
4790
7470
11509
4090
2834
8510
2269
775
9974
11700
607
783
3392
11631
6009
10515
3410
7149
10526
3949
10443
11749
669
2174
8709
8696
10249
1359
9579
4140
5665
5832
11730
11428
5838
4256
11033
4495
2846
7891
4853
3598
5833
8767
6786
3380
7601
10267
11008
5292
5657
2378
256
2285
3151
3893
385
9375
1441
1161
6900
6535
11221
2841
3398
10659
7479
4885
2448
6668
445
10127
8910
10678
10384
6985
11197
2097
1033
4137
6054
1719
2713
9181
1966
616
3484
1317
1179
10041
9923
2205
3330
7720
4962
9748
939
7244
11413
3461
11536
9417
8296
8490
11748
1203
10732
9963
4181
3522
2514
11425
4841
3192
9153
1983
5601
2202
2493
8414
3348
4727
11512
9594
55
6247
4722
4438
8834
8229
213
7591
2750
7518
2983
108
11539
8865
6371
11759
8388
3211
694
6296
8295
2886
789
910
2231
5703
9094
6830
3264
4582
1380
4538
10715
3121
6923
4436
3807
2911
290
7490
10380
2472
11672
1175
6445
386
1244
9570
3271
9290
8337
3376
9047
6025
3713
642
5870
6321
4222
3511
1893
3304
4097
4133
11628
4278
6115
11414
7389
9137
11163
2813
5873
9955
1312
258
7371
7924
6813
3774
5251
6868
7926
1142
3657
573
10196
8564
9127
11513
8061
1924
1036
3727
9624
5672
7755
1377
4692
4121
1016
4613
1250
2449
10280
6178
10204
1420
7715
3994
6044
6940
5244
1488
11770
2644
7664
9101
201
4510
3050
8053
11828
10354
11583
9619
11304
7500
8861
5268
2569
4844
11050
9089
1122
8587
5567
7606
6694
6049
10393
6727
8571
10289
7382
8839
9131
479
4639
1110
2011
9751
2167
7426
5199
5262
3621
343
4647
9581
1383
11392
9883
11176
736
6519
8578
3578
6281
10225
1801
2388
9943
3148
763
3529
8073
1348
1527
429
70
7117
1939
8494
8554
8534
5585
11477
10419
4548
7634
3491
11406
9785
7350
5087
8317
3083
6530
4324
11469
10365
883
10164
764
9515
9582
1885
7697
5360
2232
3995
8462
9612
10802
8392
7781
5062
4618
8297
3501
4913
3074
5999
4255
955
8443
7954
2570
6395
1705
10253
9167
331
7547
6400
7844
6556
5835
81
397
10022
9618
4517
2873
10618
10149
5591
7810
2313
185
3550
3916
4832
1028
1976
10388
6058
11310
3612
1704
3537
8419
3717
11070
7809
6858
1636
11611
9171
3204
6374
7420
10396
10782
11776
1384
5799
4862
11804
10195
5464
10745
3932
4087
535
10278
1684
1533
5237
7536
4251
5410
4473
3046
5380
6810
8000
5169
7918
3029
8663
10905
5449
9087
3374
1891
5345
9606
6426
1077
2029
1617
10845
2456
8072
3736
4539
3534
11798
9465
738
993
4874
7143
7206
1506
9967
4248
9848
7674
1272
1152
11715
6802
5563
6013
11836
5011
2163
8507
676
2481
1292
589
10874
6367
8380
6326
6925
8655
6898
5541
9209
9576
8854
2801
11161
9603
9816
5852
7329
870
8220
1540
6718
5897
6886
3400
2001
1985
796
7342
10111
11132
5746
4481
6572
11018
8402
9416
6380
11216
10518
4593
10837
1783
11670
454
2868
7142
4781
10162
183
4911
2474
10559
10039
7120
11527
8244
7749
4929
3853
5553
5381
2782
9214
3456
4468
1454
9490
9905
3760
1399
7463
2453
2024
5981
6256
11239
1124
6000
8212
5661
9989
10681
10623
29
4560
9346
4426
9546
6339
3180
10198
8484
11043
9374
10834
1284
10185
9015
6964
11004
11307
1818
4447
8632
1994
91
569
6459
8356
5468
1638
11405
9185
11095
11302
11849
9317
5073
8971
10370
11659
7127
4323
5938
5240
9862
8360
9398
11412
1494
2404
140
6835
1108
6639
9106
9111
8493
2157
7027
3001
7823
4646
4310
9280
6834
10179
460
3655
6782
9759
1045
6733
3169
592
2127
8708
3457
2195
10064
3580
2510
3558
8442
2322
194
3002
11467
1829
1066
8913
5174
5903
6471
10304
11090
913
10968
6345
10058
7277
9355
1273
5220
8908
884
10473
6726
6634
5594
10735
4488
10032
3606
537
6026
4311
4212
5987
1972
6914
172
3640
7308
4122
1354
1216
8096
8674
4005
11065
5640
10255
2539
3726
2432
442
10456
7753
716
11101
240
6699
6582
11125
9789
1255
3945
5409
11790
9444
6222
3597
5867
11360
1986
3033
2924
11418
7521
9978
11677
10727
4970
9869
1646
7596
7939
9532
5259
3556
2749
7011
10545
8885
2563
8857
452
3279
4694
3515
9365
4959
10889
8305
949
7203
1849
8818
383
3370
8422
893
8473
4823
10953
11295
3836
11259
5895
1306
2608
2124
9333
5344
3104
6320
260
10546
10517
11606
5047
2905
4778
9975
2557
1523
7295
3921
416
8166
11130
812
6016
3802
3190
992
1716
5457
10319
767
6081
9762
2929
6155
4937
525
5521
7586
6840
42
10005
8825
7107
7931
7546
2181
7385
8340
11517
8158
4275
7812
11205
8649
11488
1436
3614
3892
6315
8812
2363
9005
3011
8741
10803
8013
10348
1898
6224
5182
11173
206
4174
3974
2865
11263
8618
3164
6909
7241
5342
4717
6283
6912
7676
842
9261
8011
7443
4973
4699
1548
4821
297
564
9434
6769
908
11651
9267
1141
9230
8639
3177
10124
7667
6856
1115
8258
1277
7873
4569
6392
3681
4471
4710
175
5701
4413
10997
67
9126
9951
2162
1761
6750
1555
4129
9979
740
6671
5084
6388
1779
7607
6089
1256
5547
2022
8062
5977
4845
5549
4944
5947
9820
11766
3292
7856
5266
4542
3216
8659
1394
9387
11345
2988
9544
3447
10673
10465
7269
1762
11045
6476
8074
3860
6225
5423
10671
2950
8863
10200
4162
4805
1948
8583
8019
11321
5484
8149
11088
6648
7714
2261
8449
7709
11451
6636
5805
221
2548
1428
4478
5578
10295
3060
6335
4888
3728
7648
1353
8579
4651
1144
11273
9301
7004
1968
2620
10578
10279
6349
10965
10362
7973
10904
1931
4554
2777
2090
6792
1663
34
6145
5743
9895
10637
6561
9637
2356
7791
9969
2632
3462
9343
3671
8137
10416
6132
437
7694
4556
9060
4524
10205
11844
7358
10471
7943
1648
8186
3574
7070
6333
8316
7898
4186
3349
3427
5681
4103
5988
10399
2451
5700
10281
8992
2679
4064
2931
10567
10252
1322
6960
3889
5328
8477
3208
11657
9413
4768
10235
11738
2839
9644
6659
6955
6261
8329
5135
5919
6393
469
7491
1402
11572
10052
10665
2031
8572
1587
11424
3172
8383
7276
3388
5015
6703
66
165
10451
2831
8629
5510
8806
3459
399
7692
4457
8543
9362
150
1605
11786
5705
3875
8460
2495
1513
3956
10539
9683
6614
5024
8248
7353
5552
8265
2138
7978
9924
10608
9197
8574
3101
7563
2654
2648
7215
4109
4914
4945
8463
7988
5849
11530
4244
5770
11269
4625
5936
856
1940
9539
860
10490
298
10095
7846
6836
3712
8954
1386
2462
536
710
10182
6248
1128
4235
7455
6350
7229
3358
3015
9382
1722
4414
1034
1825
11041
4219
9601
5160
6285
5598
8085
7287
7959
1782
9218
4830
898
721
4986
7041
918
4730
8912
8771
4807
9152
9253
10723
6684
11596
9571
10621
7475
1178
7359
7347
3866
2193
6994
5480
3613
3822
9541
7361
8187
2119
1823
11133
7235
2748
11148
5993
7942
8914
4351
11542
700
2888
10544
8918
9732
7467
4536
4589
10130
8631
6537
11434
5927
1578
6624
7747
2933
6760
2137
9039
4130
9469
9285
394
4624
5334
2670
1960
7288
6254
9857
3785
2574
182
7590
9761
9462
7813
8794
4189
2958
2381
1816
11633
9226
6740
8826
11448
7212
10861
3608
3477
5960
8117
11671
4946
3604
11841
7780
